30
23914
23982
25698
42238
45536
45598
48421
48709
48897
50457
53346
58186
61258
64370
72468
72469
72474
72494
72948
84592
84692
86643
93394
196365
195217
197529
199266
199307
199665
210031
210355
213726
216425
223194
225276
225282
225284
225293
229331
229444
249763
252769
322238
321243
272296
362737
362760
366118
391042
401304
403880
419596
421036
422829
424669
426300
428379
431232
442024
444600
460316
461756
463549
465389
467020
469099
471210
480875
481881
494115
500611
508461
513058
521367
522332
531674
542057
556899
558022
560361
572955
576827
587280
589965
592037
595970
608148
621313
624381
632125
643582
643969
653622
656200
663262
667891
678756
681268
682410
684344
698096
702310
704372
714436
718312
719215
719261
719350
724077
728882
728902
730974
731498
734772
736804
747325
750929
754635
765875
767714
775070
775708
777904
784874
788534
794666
795163
796056
797050
797077
798783
798906
801660
805274
806765
809029
809513
811243
813562
815784
819520
820841
824594
824985
825148
825190
826004
828227
828596
828954
829146
832971
836095
843793
843843
846277
850680
850908
852379
853520
853909
854073
854619
857211
857722
858386
860278
864838
890236
894018
924123
927626
934265
947761
987260
996013
1021048
1022449
1046615
1049212
1064118
1069542
1070843
1074723
1077005
1080719
1083729
1086020
1087045
1087418
1088494
1090446
1091360
1111836
1127025
1134152
1134234
1134243
1134338
1134438
1136518
1141350
1145962
1146118
1184232
1184646
1204963
1214918
1247050
1251306
1255977
1257624
1260369
1260777
1266860
1304765
1309682
1312857
1320601
1325356
1333731
1335217
1338250
1344240
1347826
1358427
1360899
1364743
1375240
1389933
1393313
1395929
1396599
1396799
1398452
1398972
1399097
1400292
1401558
1403012
1403022
1403067
1403108
1403113
1414105
1430453
1470070
1492583
1493177
1493473
1494736
1494876
1498977
1504182
1515918
1519012
1524908
1526180
1536708
1536799
1546308
1547410
